# R_0, Probability of epidemic
0.00, 0.000e+00
0.01, 9.950e-09
0.02, 3.168e-09
0.03, 2.393e-08
0.04, 4.012e-09
0.05, 1.522e-08
0.06, 4.520e-08
0.07, 7.934e-09
0.08, 2.009e-08
0.09, 4.555e-08
0.10, 9.466e-08
0.11, 2.017e-08
0.12, 4.021e-08
0.13, 7.580e-08
0.14, 1.363e-07
0.15, 3.526e-08
0.16, 6.262e-08
0.17, 1.073e-07
0.18, 1.783e-07
0.19, 5.472e-08
0.20, 9.074e-08
0.21, 1.467e-07
0.22, 2.319e-07
0.23, 8.257e-08
0.24, 1.308e-07
0.25, 2.034e-07
0.26, 3.106e-07
0.27, 1.260e-07
0.28, 1.933e-07
0.29, 2.920e-07
0.30, 1.304e-07
0.31, 1.980e-07
0.32, 2.964e-07
0.33, 4.381e-07
0.34, 2.175e-07
0.35, 3.232e-07
0.36, 4.748e-07
0.37, 2.552e-07
0.38, 3.768e-07
0.39, 5.505e-07
0.40, 3.185e-07
0.41, 4.675e-07
0.42, 6.797e-07
0.43, 4.210e-07
0.44, 6.150e-07
0.45, 4.006e-07
0.46, 5.876e-07
0.47, 8.544e-07
0.48, 5.913e-07
0.49, 8.632e-07
0.50, 6.249e-07
0.51, 9.156e-07
0.52, 6.919e-07
0.53, 1.017e-06
0.54, 8.008e-07
0.55, 1.180e-06
0.56, 9.668e-07
0.57, 8.142e-07
0.58, 1.215e-06
0.59, 1.062e-06
0.60, 9.520e-07
0.61, 1.436e-06
0.62, 1.333e-06
0.63, 1.268e-06
0.64, 1.235e-06
0.65, 1.232e-06
0.66, 1.905e-06
0.67, 1.958e-06
0.68, 2.058e-06
0.69, 2.210e-06
0.70, 1.697e-06
0.71, 1.927e-06
0.72, 2.233e-06
0.73, 2.637e-06
0.74, 2.350e-06
0.75, 2.920e-06
0.76, 2.809e-06
0.77, 2.821e-06
0.78, 2.957e-06
0.79, 3.231e-06
0.80, 3.677e-06
0.81, 3.527e-06
0.82, 4.394e-06
0.83, 4.717e-06
0.84, 4.519e-06
0.85, 5.532e-06
0.86, 5.303e-06
0.87, 6.469e-06
0.88, 6.595e-06
0.89, 7.575e-06
0.90, 8.792e-06
0.91, 9.664e-06
0.92, 1.069e-05
0.93, 1.262e-05
0.94, 1.487e-05
0.95, 1.861e-05
0.96, 2.321e-05
0.97, 3.182e-05
0.98, 4.818e-05
0.99, 9.768e-05
1.00, 1.413e-03
1.01, 1.983e-02
1.02, 3.901e-02
1.03, 5.771e-02
1.04, 7.595e-02
1.05, 9.372e-02
1.06, 1.110e-01
1.07, 1.279e-01
1.08, 1.444e-01
1.09, 1.605e-01
1.10, 1.761e-01
1.11, 1.914e-01
1.12, 2.064e-01
1.13, 2.209e-01
1.14, 2.351e-01
1.15, 2.490e-01
1.16, 2.626e-01
1.17, 2.758e-01
1.18, 2.887e-01
1.19, 3.014e-01
1.20, 3.137e-01
1.21, 3.258e-01
1.22, 3.376e-01
1.23, 3.491e-01
1.24, 3.604e-01
1.25, 3.714e-01
1.26, 3.822e-01
1.27, 3.927e-01
1.28, 4.030e-01
1.29, 4.131e-01
1.30, 4.230e-01
1.31, 4.326e-01
1.32, 4.421e-01
1.33, 4.514e-01
1.34, 4.604e-01
1.35, 4.693e-01
1.36, 4.780e-01
1.37, 4.865e-01
1.38, 4.948e-01
1.39, 5.030e-01
1.40, 5.110e-01
1.41, 5.189e-01
1.42, 5.265e-01
1.43, 5.341e-01
1.44, 5.415e-01
1.45, 5.487e-01
1.46, 5.558e-01
1.47, 5.627e-01
1.48, 5.696e-01
1.49, 5.763e-01
1.50, 5.828e-01
1.51, 5.892e-01
1.52, 5.956e-01
1.53, 6.018e-01
1.54, 6.078e-01
1.55, 6.138e-01
1.56, 6.196e-01
1.57, 6.254e-01
1.58, 6.310e-01
1.59, 6.366e-01
1.60, 6.420e-01
1.61, 6.473e-01
1.62, 6.525e-01
1.63, 6.577e-01
1.64, 6.627e-01
1.65, 6.677e-01
1.66, 6.726e-01
1.67, 6.773e-01
1.68, 6.820e-01
1.69, 6.867e-01
1.70, 6.912e-01
1.71, 6.956e-01
1.72, 7.000e-01
1.73, 7.043e-01
1.74, 7.085e-01
1.75, 7.127e-01
1.76, 7.168e-01
1.77, 7.208e-01
1.78, 7.247e-01
1.79, 7.286e-01
1.80, 7.324e-01
1.81, 7.362e-01
1.82, 7.399e-01
1.83, 7.435e-01
1.84, 7.471e-01
1.85, 7.506e-01
1.86, 7.540e-01
1.87, 7.574e-01
1.88, 7.607e-01
1.89, 7.640e-01
1.90, 7.672e-01
1.91, 7.704e-01
1.92, 7.735e-01
1.93, 7.766e-01
1.94, 7.796e-01
1.95, 7.826e-01
1.96, 7.856e-01
1.97, 7.884e-01
1.98, 7.913e-01
1.99, 7.941e-01
2.00, 7.968e-01
2.01, 7.995e-01
2.02, 8.022e-01
2.03, 8.048e-01
2.04, 8.074e-01
2.05, 8.099e-01
2.06, 8.124e-01
2.07, 8.149e-01
2.08, 8.173e-01
2.09, 8.197e-01
2.10, 8.221e-01
2.11, 8.244e-01
2.12, 8.267e-01
2.13, 8.289e-01
2.14, 8.311e-01
2.15, 8.333e-01
2.16, 8.355e-01
2.17, 8.376e-01
2.18, 8.397e-01
2.19, 8.417e-01
2.20, 8.437e-01
2.21, 8.457e-01
2.22, 8.477e-01
2.23, 8.496e-01
2.24, 8.515e-01
2.25, 8.534e-01
2.26, 8.553e-01
2.27, 8.571e-01
2.28, 8.589e-01
2.29, 8.607e-01
2.30, 8.624e-01
2.31, 8.641e-01
2.32, 8.658e-01
2.33, 8.675e-01
2.34, 8.692e-01
2.35, 8.708e-01
2.36, 8.724e-01
2.37, 8.740e-01
2.38, 8.755e-01
2.39, 8.771e-01
2.40, 8.786e-01
2.41, 8.801e-01
2.42, 8.816e-01
2.43, 8.830e-01
2.44, 8.845e-01
2.45, 8.859e-01
2.46, 8.873e-01
2.47, 8.886e-01
2.48, 8.900e-01
2.49, 8.913e-01
2.50, 8.926e-01
2.51, 8.939e-01
2.52, 8.952e-01
2.53, 8.965e-01
2.54, 8.977e-01
2.55, 8.990e-01
2.56, 9.002e-01
2.57, 9.014e-01
2.58, 9.026e-01
2.59, 9.037e-01
2.60, 9.049e-01
2.61, 9.060e-01
2.62, 9.071e-01
2.63, 9.083e-01
2.64, 9.093e-01
2.65, 9.104e-01
2.66, 9.115e-01
2.67, 9.125e-01
2.68, 9.136e-01
2.69, 9.146e-01
2.70, 9.156e-01
2.71, 9.166e-01
2.72, 9.176e-01
2.73, 9.185e-01
2.74, 9.195e-01
2.75, 9.204e-01
2.76, 9.214e-01
2.77, 9.223e-01
2.78, 9.232e-01
2.79, 9.241e-01
2.80, 9.250e-01
2.81, 9.258e-01
2.82, 9.267e-01
2.83, 9.276e-01
2.84, 9.284e-01
2.85, 9.292e-01
2.86, 9.300e-01
2.87, 9.309e-01
2.88, 9.317e-01
2.89, 9.324e-01
2.90, 9.332e-01
2.91, 9.340e-01
2.92, 9.347e-01
2.93, 9.355e-01
2.94, 9.362e-01
2.95, 9.370e-01
2.96, 9.377e-01
2.97, 9.384e-01
2.98, 9.391e-01
2.99, 9.398e-01
3.00, 9.405e-01
3.01, 9.412e-01
3.02, 9.418e-01
3.03, 9.425e-01
3.04, 9.431e-01
3.05, 9.438e-01
3.06, 9.444e-01
3.07, 9.450e-01
3.08, 9.457e-01
3.09, 9.463e-01
3.10, 9.469e-01
3.11, 9.475e-01
3.12, 9.481e-01
3.13, 9.487e-01
3.14, 9.492e-01
3.15, 9.498e-01
3.16, 9.504e-01
3.17, 9.509e-01
3.18, 9.515e-01
3.19, 9.520e-01
3.20, 9.526e-01
3.21, 9.531e-01
3.22, 9.536e-01
3.23, 9.541e-01
3.24, 9.546e-01
3.25, 9.551e-01
3.26, 9.556e-01
3.27, 9.561e-01
3.28, 9.566e-01
3.29, 9.571e-01
3.30, 9.576e-01
3.31, 9.580e-01
3.32, 9.585e-01
3.33, 9.590e-01
3.34, 9.594e-01
3.35, 9.599e-01
3.36, 9.603e-01
3.37, 9.607e-01
3.38, 9.612e-01
3.39, 9.616e-01
3.40, 9.620e-01
3.41, 9.624e-01
3.42, 9.629e-01
3.43, 9.633e-01
3.44, 9.637e-01
3.45, 9.641e-01
3.46, 9.645e-01
3.47, 9.648e-01
3.48, 9.652e-01
3.49, 9.656e-01
3.50, 9.660e-01
3.51, 9.664e-01
3.52, 9.667e-01
3.53, 9.671e-01
3.54, 9.674e-01
3.55, 9.678e-01
3.56, 9.681e-01
3.57, 9.685e-01
3.58, 9.688e-01
3.59, 9.692e-01
3.60, 9.695e-01
3.61, 9.698e-01
3.62, 9.702e-01
3.63, 9.705e-01
3.64, 9.708e-01
3.65, 9.711e-01
3.66, 9.714e-01
3.67, 9.717e-01
3.68, 9.720e-01
3.69, 9.723e-01
3.70, 9.726e-01
3.71, 9.729e-01
3.72, 9.732e-01
3.73, 9.735e-01
3.74, 9.738e-01
3.75, 9.741e-01
3.76, 9.744e-01
3.77, 9.746e-01
3.78, 9.749e-01
3.79, 9.752e-01
3.80, 9.754e-01
3.81, 9.757e-01
3.82, 9.760e-01
3.83, 9.762e-01
3.84, 9.765e-01
3.85, 9.767e-01
3.86, 9.770e-01
3.87, 9.772e-01
3.88, 9.775e-01
3.89, 9.777e-01
3.90, 9.779e-01
3.91, 9.782e-01
3.92, 9.784e-01
3.93, 9.786e-01
3.94, 9.789e-01
3.95, 9.791e-01
3.96, 9.793e-01
3.97, 9.795e-01
3.98, 9.797e-01
3.99, 9.800e-01
4.00, 9.802e-01
4.01, 9.804e-01
4.02, 9.806e-01
4.03, 9.808e-01
4.04, 9.810e-01
4.05, 9.812e-01
4.06, 9.814e-01
4.07, 9.816e-01
4.08, 9.818e-01
4.09, 9.820e-01
4.10, 9.822e-01
4.11, 9.824e-01
4.12, 9.825e-01
4.13, 9.827e-01
4.14, 9.829e-01
4.15, 9.831e-01
4.16, 9.833e-01
4.17, 9.834e-01
4.18, 9.836e-01
4.19, 9.838e-01
4.20, 9.840e-01
4.21, 9.841e-01
4.22, 9.843e-01
4.23, 9.845e-01
4.24, 9.846e-01
4.25, 9.848e-01
4.26, 9.849e-01
4.27, 9.851e-01
4.28, 9.853e-01
4.29, 9.854e-01
4.30, 9.856e-01
4.31, 9.857e-01
4.32, 9.859e-01
4.33, 9.860e-01
4.34, 9.862e-01
4.35, 9.863e-01
4.36, 9.864e-01
4.37, 9.866e-01
4.38, 9.867e-01
4.39, 9.869e-01
4.40, 9.870e-01
4.41, 9.871e-01
4.42, 9.873e-01
4.43, 9.874e-01
4.44, 9.875e-01
4.45, 9.877e-01
4.46, 9.878e-01
4.47, 9.879e-01
4.48, 9.880e-01
4.49, 9.882e-01
4.50, 9.883e-01
4.51, 9.884e-01
4.52, 9.885e-01
4.53, 9.887e-01
4.54, 9.888e-01
4.55, 9.889e-01
4.56, 9.890e-01
4.57, 9.891e-01
4.58, 9.892e-01
4.59, 9.893e-01
4.60, 9.894e-01
4.61, 9.896e-01
4.62, 9.897e-01
4.63, 9.898e-01
4.64, 9.899e-01
4.65, 9.900e-01
4.66, 9.901e-01
4.67, 9.902e-01
4.68, 9.903e-01
4.69, 9.904e-01
4.70, 9.905e-01
4.71, 9.906e-01
4.72, 9.907e-01
4.73, 9.908e-01
4.74, 9.909e-01
4.75, 9.910e-01
4.76, 9.911e-01
4.77, 9.912e-01
4.78, 9.912e-01
4.79, 9.913e-01
4.80, 9.914e-01
4.81, 9.915e-01
4.82, 9.916e-01
4.83, 9.917e-01
4.84, 9.918e-01
4.85, 9.919e-01
4.86, 9.919e-01
4.87, 9.920e-01
4.88, 9.921e-01
4.89, 9.922e-01
4.90, 9.923e-01
4.91, 9.923e-01
4.92, 9.924e-01
4.93, 9.925e-01
4.94, 9.926e-01
4.95, 9.927e-01
4.96, 9.927e-01
4.97, 9.928e-01
4.98, 9.929e-01
4.99, 9.930e-01
